3
34
50
70
92
27
80
46
14
54
82
62
28
36
9
38
5
15
53
84
57
96
20
76
13
15
67
78
50
9
69
56
84
35
36
0
0
43
98
59
99
17
27
86
9
81
0
90
45
60
39
74
5
8
6
1
8
96
29
6
53
78
7
16
69
97
93
5
86
93
2
36
45
45
64
10
35
72
61
27
89
3
62
21
32
99
59
30
67
56
64
5
8
15
87
74
3
31
96
66
0
24
53
9
77
2
24
50
3
5
32
20
49
17
74
0
91
69
67
50
63
52
90
31
4
16
89
54
89
88
32
89
71
26
5
74
75
38
69
56
95
58
96
25
77
62
0
22
60
63
20
94
57
1
61
17
20
26
15
65
59
70
15
19
62
99
59
41
31
62
37
5
14
15
34
14
59
59
40
17
0
87
9
18
75
54
95
55
6
2
81
47
47
3
91
4
13
5
76
19
3
75
98
58
32
43
7
45
29
28
61
47
86
98
10
70
88
92
82
9
17
15
17
62
27
79
59
56
18
94
43
85
94
75
56
37
97
55
46
71
94
96
57
32
98
8
4
48
77
95
23
63
83
50
51
1
79
3
90
56
3
19
37
80
84
14
94
78
16
24
83
71
79
68
17
95
38
68
87
91
88
21
53
72
22
28
12
51
76
87
12
5
64
43
51
2
70
22
67
98
44
59
74
26
46
91
46
60
13
39
91
86
82
4
88
25
87
22
3
95
13
19
3
69
29
89
62
39
92
67
56
58
6
55
28
79
48
13
80
99
99
66
15
17
35
86
80
54
39
67
53
60
27
24
12
78
46
5
49
3
31
5
15
50
52
55
5
90
72
43
78
4
82
2
39
22
76
27
77
78
29
78
59
83
74
83
7
8
74
55
66
76
64
77
78
83
83
65
21
51
57
71
27
84
91
14
79
30
69
96
28
69
53
49
12
3
66
48
94
80
45
9
72
8
69
76
13
73
1
39
46
96
86
29
38
52
48
52
97
97
62
33
6
46
49
59
95
67
46
73
7
17
57
99
42
68
29
48
39
16
93
78
2
9
1
53
15
52
47
64
5
61
75
39
8
34
51
55
16
62
34
93
38
5
87
80
0
28
70
35
76
37
23
85
18
54
46
82
41
6
6
22
73
85
96
81
20
28
71
41
49
5
11
25
74
16
2
57
77
18
63
21
61
27
19
43
1
35
87
69
36
69
98
85
24
56
93
24
81
4
11
73
76
57
2
15
7
13
73
88
88
59
66
7
12
67
60
34
71
8
9
75
50
57
82
83
89
32
93
42
22
71
34
11
7
97
8
45
53
64
32
61
9
37
52
31
81
46
67
96
23
12
86
75
62
7
86
0
18
96
65
58
99
40
83
51
47
45
82
98
70
80
82
3
18
56
29
35
53
46
62
43
65
87
92
39
85
80
63
95
64
67
12
98
6
93
76
53
44
91
37
25
18
30
29
13
30
23
37
12
72
32
8
68
95
91
67
19
22
58
84
60
76
16
6
97
45
16
19
70
66
82
65
23
84
61
36
22
82
57
71
9
85
59
9
84
39
2
8
5
12
57
46
85
52
11
84
0
46
1
21
6
13
59
52
99
35
35
13
41
28
17
2
16
82
20
79
58
31
63
2
17
14
92
20
8
47
76
39
98
66
5
7
46
63
22
43
92
14
85
71
86
73
4
34
76
47
63
93
76
73
53
9
33
80
88
65
80
13
54
14
33
60
29
7
71
88
84
33
0
99
29
94
45
16
10
60
80
26
98
33
13
25
26
82
99
52
20
23
85
22
91
68
29
21
9
75
64
91
21
93
80
54
44
3
40
82
25
90
77
80
65
64
40
59
26
61
68
7
46
93
84
12
64
55
61
42
66
97
82
3
62
64
85
34
4
88
92
4
2
66
84
76
93
29
70
95
39
11
20
53
25
96
13
30
67
10
6
45
33
37
44
93
78
79
3
43
46
27
33
34
24
44
80
90
9
88
91
65
7
54
24
91
68
11
70
31
75
54
48
40
5
94
83
28
27
62
61
64
63
46
54
34
10
64
63
93
11
11
83
35
94
45
51
7
77
37
98
66
93
44
73
16
25
25
25
50
35
49
47
15
82
54
19
89
16
37
39
60
61
0
73
25
12
86
45
6
47
84
56
51
1
36
87
34
76
72
4
48
99
29
92
63
74
73
75
47
9
23
74
11
82
79
66
3
53
58
6
60
59
57
87
42
4
28
43
63
63
92
17
52
51
61
67
90
52
26
33
17
21
88
58
33
99
45
37
63
75
70
25
63
97
46
97
13
10
26
99
35
57
1
53
62
28
79
29
27
18
4
83
10
8
65
84
47
5
40
21
47
53
98
4
52
29
94
16
52
86
98
70
6
0
32
96
5
24
13
65
8
51
38
94
51
0
23
6
87
7
31
73
48
82
77
75
58
42
11
45
39
39
90
61
10
50
96
35
55
55
67
54
70
60
66
71
2
6
71
62
94
29
69
78
18
91
28
49
87
16
66
44
13
86
39
6
16
18
92
97
77
35
38
44
7
97
62
41
53
92
36
43
76
28
19
83
34
0
19
5
60
32
96
59
87
45
47
7
23
8
57
49
5
58
79
75
75
37
85
16
5
88
60
11
77
2
35
86
19
47
8
61
30
56
2
39
31
44
2
36
42
18
25
85
32
70
64
85
24
87
69
89
64
91
54
90
19
97
5
17
17
66
30
16
42
52
22
76
90
18
30
87
87
16
73
72
24
50
70
75
21
74
81
97
45
89
76
39
74
18
69
49
70
55
63
46
93
96
32
14
51
15
64
4
84
20
75
3
95
94
13
56
88
66
58
8
25
37
68
77
69
85
72
57
79
3
78
84
6
75
6
13
43
73
34
38
60
91
61
27
55
95
60
24
13
31
53
16
18
51
14
46
97
41
65
32
61
64
41
44
21
51
0
6
3
20
98
86
95
54
87
51
14
45
7
15
54
31
27
80
26
53
44
8
84
75
23
81
73
86
42
69
27
22
8
28
60
28
5
18
18
57
82
89
41
9
47
66
69
10
72
54
72
28
67
55
57
82
99
62
68
29
94
5
35
96
66
81
54
65
13
64
37
5
40
24
87
77
14
48
46
65
36
38
21
54
84
99
22
85
97
99
67
56
95
55
64
16
84
63
4
35
84
10
63
15
72
80
21
25
46
37
26
65
97
26
70
58
44
57
92
29
56
54
9
95
76
0
57
73
44
38
43
1
75
4
27
64
50
15
51
25